129
147
306
311
312
316
320
536
537
752
806
807
808
809
810
811
812
855
909
1109
1110
1130
1207
1208
1356
1360
1387
1405
1430
1434
1440
1441
1442
1474
1518
1520
1657
1660
1721
1722
1724
1737
1748
1949
1969
2020
2223
2335
2377
2378
2387
2388
2416
2450
2519
2548
2558
2565
2591
2601
2602
2706
2734
2852
2856
2905
2939
2945
2948
2952
3095
3154
3178
3224
3465
3731
3908
4028
4050
4072
4074
4075
4076
4080
4081
4105
4132
4134
4287
4308
4322
4382
4498
4522
4523
4524
4661
4685
4691
4692
4693
4694
4695
4696
4697
4710
4711
4764
4896
4937
5119
5222
5223
5224
5226
5229
5237
5238
5261
5293
5375
5376
5378
5388
5389
5391
5392
5395
5396
5397
5398
5400
5401
5402
5404
5405
5408
5409
5411
5425
5453
5454
5494
5540
5555
5556
5562
5613
5616
5618
5672
5719
5720
5733
5734
5735
5736
5737
5738
5803
5829
5848
5862
5863
5864
5865
5866
5867
5868
5869
5870
5871
5872
5873
5874
5875
5876
5877
5878
5879
5880
5881
5882
5883
5884
6033
6073
6089
6105
6106
6108
6109
6197
6240
6406
6407
6408
6444
6447
6449
6460
6527
6544
6572
6573
6628
6646
6647
6656
6657
6658
6697
6700
6753
6757
6771
6920
6925
6926
6977
6999
7247
7437
7438
7439
7440
7474
7475
7476
7478
7479
7480
7677
7696
7697
7699
7804
7836
7961
7971
7972
7974
7977
7978
7980
7981
8006
8065
8203
8204
8205
8231
8266
8291
8300
8301
8302
8303
8304
8305
8306
8307
8308
8309
8310
8311
8312
8313
8314
8318
8351
8461
8464
8476
8478
8488
8506
8507
8508
8509
8510
8511
8512
8527
8528
8529
8530
8532
8533
8534
8535
8536
8575
8576
8579
8765
8829
8848
8865
8866
8867
8868
8869
8870
8871
8872
8873
8874
8875
8876
8877
8878
8903
8904
8905
8907
8908
8909
8910
8911
8912
8913
8914
8915
8983
8989
8991
8992
9004
9077
9090
9091
9125
9126
9127
9128
9129
9143
9144
9145
9146
9161
9162
9168
9169
9170
9178
9193
9285
9371
9409
9410
9411
9412
9413
9414
9417
9418
9419
9422
9423
9433
9434
9435
9436
9437
9540
9696
9784
9789
10043
10064
10065
10066
10067
10068
10069
10070
10071
10072
10074
10075
10076
10077
10078
10079
10080
10081
10082
10083
10084
10086
10087
10088
10089
10090
10091
10092
10093
10094
10095
10096
10097
10098
10099
10100
10101
10102
10103
10104
10105
10106
10107
10182
10198
10295
10297
10307
10308
10309
10310
10311
10312
10352
10430
10492
10536
10562
10697
10715
10718
10851
11033
11044
11143
11147
11148
11150
11151
11238
11307
11308
11309
11310
11311
11314
11315
11316
11333
11334
11389
11489
11534
11536
11537
11538
11701
11702
11703
11705
11708
11709
11710
11711
11712
11713
11714
11716
11717
11718
11719
11720
11721
11722
11723
11724
11726
11728
11729
11731
11733
11735
11753
11754
11783
11784
11785
11786
11787
11788
11789
11790
11791
11792
11793
11794
11795
11796
11797
11798
11799
11800
11801
11802
11804
11836
11887
11889
11925
11970
11971
11972
11973
11974
11975
12004
12015
12016
12056
12059
12062
12270
12312
12413
12439
12440
12480
12488
12545
12550
12557
12578
12589
12602
12625
12662
12672
12681
12685
12687
12722
12729
12740
12746
12762
12841
12877
12899
12900
12901
12902
12909
13073
13082
13137
13138
13224
13384
13385
13390
13391
13392
13395
13438
13439
13440
13441
13463
13477
13651
13830
13832
13859
13935
13948
13982
13998
13999
14000
14001
14002
14033
14034
14035
14037
14085
14165
14473
14474
14514
14515
14528
14531
14532
14533
14534
14543
14561
14598
14599
14624
14657
14680
14742
14744
14757
14814
14815
14816
14818
14852
14950
14951
14952
14953
14963
14965
15018
15092
15102
15103
15104
15106
15124
15125
15126
15127
15146
15166
15167
15168
15286
15291
15292
15293
15326
15328
15384
15385
15386
15387
15388
15389
15390
15391
15392
15393
15394
15395
15396
15397
15398
15399
15408
15409
15410
15411
15412
15413
15414
15415
15416
15417
15418
15419
15420
15421
15422
15423
15425
15426
15451
15604
15648
15683
15753
15777
15788
15802
15811
15846
15918
15974
15975
15976
16003
16004
16023
16034
16109
16116
16121
16167
16177
16186
16190
16203
16221
16222
16224
16430
16486
16487
16670
16671
16673
16696
16772
16784
16811
16847
16848
16855
16915
16916
16917
16918
16960
16967
16968
16970
16971
16974
16978
16992
17050
17075
17076
17077
17155
17156
17157
17158
17159
17160
17161
17162
17163
17183
17184
17212
17224
17225
17358
17373
17374
17375
17376
17386
17496
17497
17579
17580
17581
17582
17587
17589
17612
17613
17698
17732
17779
17780
17781
17806
17808
17829
17870
17871
17886
17887
17888
17889
17890
17891
17892
17893
17894
17902
17954
17965
17976
17977
18006
18089
18146
18147
18148
18149
18150
18151
18152
18153
18154
18155
18156
18157
18158
18159
18160
18161
18162
18163
18164
18165
18166
18167
18168
18169
18170
18179
18180
18194
18224
18228
18235
18242
18243
18260
18261
18272
18273
18274
18275
18276
18318
18324
18335
18378
18406
18452
18457
18525
18542
18548
18552
18554
18574
18575
18576
18577
18578
18579
18589
18594
18595
18678
18680
18691
18692
18728
18758
18819
18820
18828
19041
19090
19091
19094
19130
19144
19192
19200
19246
19368
19369
19372
19378
19452
19465
19472
19488
19494
19497
19581
19596
19631
19643
19803
19805
19815
19820
19846
19869
19870
19878
19902
19905
19908
19912
19915
19942
19966
19979
19990
20035
20041
20067
20068
20069
20070
20191
20192
20237
20240
20241
20301
20302
20303
20304
20305
20306
20307
20308
20309
20310
20311
20312
20313
20314
20315
20316
20317
20318
20319
20320
20321
20322
20323
20324
20325
20326
20327
20328
20329
20409
20410
20411
20445
20447
20448
20450
20522
20574
20658
20659
20791
20819
20827
20982
20998
21008
21293
21294
21439
21444
21445
21446
21447
21455
21456
21495
21552
21584
21660
21676
21682
21683
21855
21856
21857
21858
21868
21917
21987
21991
22010
22030
22051
22074
22143
22174
22179
22199
22330
22369
22370
22602
22603
22733
22766
22887
22892
22893
22894
22909
22910
22911
22988
23012
23013
23016
23040
23062
23081
23083
23116
23171
23173
23175
23267
23301
23321
23394
23395
23407
23408
23409
23410
23411
23412
23413
23414
23415
23416
23418
23419
23513
23517
23579
23649
23686
23708
23719
23720
23835
23857
23868
23870
23871
23872
23908
23909
23940
23941
23948
23949
23950
23952
23962
23963
23964
23965
23966
23967
23996
24026
24074
24075
24076
24106
24212
24218
24254
24343
24344
24345
24346
24347
24348
24349
24359
24413
24428
24452
24459
24471
24472
24481
24504
24505
24561
24568
24585
24586
24587
24600
24608
24613
24614
24615
24623
24673
24677
24682
24693
24702
24749
24758
24760
24761
24762
24763
24764
24765
24766
24767
24771
24789
24852
24871
24913
24959
24960
24962
24963
24964
24965
24966
24979
24982
24994
24997
25007
25008
25014
25015
25041
25135
25541
25580
25612
25613
25614
25618
25619
25620
25621
25622
25623
25624
25625
25626
25627
25628
25629
25630
25693
25805
25824
25882
25891
25895
25897
26515
26524
26525
26535
26537
26644
26832
26845
26858
26898
26924
26929
26998
27017
27033
27304
27306
27391
27392
27550
27559
27715
27722
28040
28045
28073
28095
28099
28100
28152
28153
28202
28295
28399
28400
28401
28424
28427
28454
28455
28456
28487
28488
28566
28598
28647
28648
28652
28654
28655
28656
28657
28658
28796
28797
28815
28830
28833
28863
28865
28886
28887
28893
28902
28933
28951
28952
28954
29051
29094
29095
29096
29097
29098
29099
29100
29107
29118
29122
29125
29126
29127
29140
29141
29197
29206
29238
29267
29311
29319
29332
29333
29334
29335
29336
29337
29498
29504
29505
29506
29507
29508
29509
29510
29511
29516
29517
29518
29519
29520
29522
29523
29526
29528
29529
29531
29533
29534
29535
29537
29538
29539
29540
29541
29542
29543
29544
29545
29546
29547
29809
29920
29931
30043
30151
30277
30401
30414
30423
30450
30509
30553
30565
30825
30908
30909
30911
30947
30949
30952
30953
30962
30968
30969
30971
30985
30986
30987
30988
30989
30990
31037
31094
31096
31111
31141
31160
31163
31212
31305
31326
31410
31442
31443
31448
31470
31471
31486
31520
31521
31528
31586
31655
31656
31657
31662
31692
31693
31704
31716
31731
31735
31945
31946
31963
31964
31973
31975
32003
32004
32302
32303
32351
32352
32427
32428
32429
32430
32432
32433
32434
32435
32436
32437
32438
32439
32440
32441
32442
32443
32444
32445
32446
32447
32448
32449
32450
32451
32452
32453
32454
32455
32456
32457
32472
32528
32576
32577
32578
32579
32580
32581
32606
32671
32672
32704
32713
32719
32785
32846
33147
33156
33244
33333
33445
33675
33676
33717
33719
33735
33736
33892
34005
34006
34021
34022
34119
34209
34210
34242
34243
34244
34245
34256
34258
34281
34282
34371
34387
34389
34396
34531
34638
34645
34728
34731
34831
34835
34836
34837
34872
34897
35002
35020
35021
35078
35079
35080
35082
35085
35194
35195
35196
35197
35322
35354
35355
35356
35500
35502
35503
35504
35542
35543
35544
35546
35560
35562
35568
35569
35570
35571
35572
35573
35574
35575
35576
35577
35578
35579
35626
35662
35664
35678
35732
35739
35747
35755
35853
35911
35997
36017
36018
36019
36020
36021
36022
36070
36115
36116
36118
36163
36219
36220
36221
36222
36223
36224
36227
36228
36229
36230
36280
36281
36282
36283
36284
36285
36286
36287
36288
36305
36310
36324
36330
36473
36474
36475
36479
36481
36482
36484
36493
36547
36601
36612
36686
36716
36756
36812
36830
36852
36872
36966
37029
37031
37087
37117
37123
37135
37139
37141
37159
37160
37161
37162
37183
37184
37231
37232
37233
37234
37235
37236
37237
37238
37239
37240
37241
37242
37243
37244
37245
37246
37247
37248
37249
37250
37251
37252
37253
37254
37255
37256
37257
37258
37259
37260
37261
37262
37263
37264
37265
37266
37267
37268
37269
37270
37271
37272
37273
37274
37275
37276
37277
37278
37279
37280
37281
37282
37283
37284
37285
37286
37287
37288
37289
37291
37295
37319
37347
37399
37437
37438
37439
37456
37457
37467
37475
37497
37566
37587
37588
37589
37602
37656
37675
37816
37954
38082
38092
38093
38104
38105
38106
38107
38108
38109
38110
38248
38255
38256
38257
38258
38288
38289
38290
38291
38292
38293
38294
38295
38296
38297
38298
38299
38300
38301
38302
38303
38304
38305
38306
38307
38308
38310
38311
38312
38313
38314
38315
38317
38318
38319
38320
38321
38336
38337
38338
38339
38387
38531
38532
38564
38572
38616
38617
38618
38619
38620
38621
38622
38623
38624
38625
38626
38633
38634
38635
38636
38637
38638
38639
38640
38641
38642
38643
38644
38645
38646
38647
38648
38649
38650
38651
38652
38653
38661
38663
38665
38739
38760
38761
38769
38770
38772
38773
38862
38863
38864
38865
38866
38867
38868
38869
38870
38871
38874
38875
38876
38878
38879
38880
38881
38882
38883
38884
38885
38887
38888
38889
38890
38891
38892
38893
38894
38895
38896
38897
38898
38899
38900
38901
38902
38903
38904
38917
38918
38919
38920
38921
38922
38961
38962
38963
38964
38965
38966
38967
38968
38969
38970
38971
38972
38973
38974
38982
38983
38984
39003
39024
39026
39029
39077
39163
39164
39165
39166
39167
39168
39216
39217
39218
39385
39411
39493
39548
39549
39552
39564
39565
39566
39569
39570
39575
39577
39579
39585
39590
39591
39592
39593
39594
39596
39597
39600
39673
39676
39681
39747
39758
39766
39767
39841
39847
39863
39875
39879
39904
39922
39923
39970
39971
39972
39973
39974
39975
40020
40031
40145
40146
40163
40165
40271
40282
40344
40363
40389
40511
40547
40570
40591
40592
40593
40594
40595
40597
40600
40626
40627
40628
40629
40630
40631
40632
40633
40634
40635
40636
40637
40638
40639
40640
40641
40642
40643
40644
40645
40646
40647
40648
40649
40650
40651
40652
40653
40654
40655
40656
40657
40742
40908
40909
40963
40964
40965
40967
40968
40970
40971
40976
40979
41049
41130
41163
41164
41165
41179
41185
41219
41488
41550
41666
41667
41692
41801
41854
41874
41898
41930
41932
41996
42033
42034
42036
42037
42105
42108
42109
42110
42116
42205
42208
42245
42278
42396
42545
42647
42669
42678
42698
42775
42808
42809
42810
42811
42812
42813
42814
42815
42817
42860
42861
42862
42863
42864
42865
42866
42867
42868
42869
42870
42871
42872
42873
42874
42875
42876
42879
42880
42881
42961
42962
43016
43018
43105
43109
43160
43163
43183
43230
43254
43267
43268
43269
43327
43383
43398
43505
43626
43731
43733
43734
43735
43736
43737
43738
43739
43740
43741
43742
43743
43744
43745
43746
43747
43748
43749
43750
43751
43752
43753
43754
43755
43756
43757
43758
43759
43760
43761
43762
43763
43764
43765
43766
43767
43768
43769
43797
43855
43856
43857
43858
43859
43860
43861
43862
43863
43864
44045
44085
44094
44095
44192
44193
44195
44197
44200
44202
44215
44336
44337
44338
44340
44409
44417
44493
44494
44583
44584
44586
44669
44790
44891
44892
44895
44896
44971
44973
44975
44976
44977
45044
45045
45046
45047
45203
45204
45284
45285
45286
45320
45321
45322
45323
45358
45403
45603
45604
45605
45606
45607
45608
45609
45625
45626
45627
45628
45629
45630
45769
45775
45854
45855
45856
45857
45858
45859
45860
45998
45999
46000
46001
46002
46003
46004
46005
46006
46007
46008
46009
46010
46011
46191
46237
46244
46251
46252
46271
46363
46365
46366
46442
46443
46444
46446
46447
46448
46449
46452
46453
46455
46566
46567
46569
46588
46626
46630
46631
46651
46655
46831
47009
47010
47011
47012
47013
47014
47015
47016
47017
47018
47019
47020
47021
47022
47023
47024
47025
47026
47027
47028
47029
47030
47031
47032
47033
47034
47035
47036
47037
47038
47039
47040
47041
47042
47043
47044
47045
47046
47047
47048
47049
47050
47051
47052
47194
47243
47247
47252
47335
47342
47343
47344
47351
47432
47455
47465
47517
47614
47649
47650
47651
47652
47653
47655
47657
47658
47660
47662
47677
47679
47680
47681
47683
47688
47690
47691
47692
47694
47696
47697
47769
47773
47774
48035
48049
48081
48319
48320
48321
48349
48354
48356
48357
48358
48359
48362
48370
48399
48831
48832
48971
48975
48977
48978
49177
49334
49349
49392
49410
49430
49434
49484
49485
49486
49487
49488
49489
49490
49491
49492
49493
49494
49495
49496
49497
49498
49499
49500
49501
49502
49503
49504
49505
49506
49507
49508
49509
49510
49511
49512
49626
49952
50018
50077
50119
50224
50239
50295
50378
50416
50462
50466
50551
50553
50554
50639
50650
50651
50654
50655
50656
50657
50658
50659
50660
50661
50662
50663
50665
50867
50940
51077
51081
51123
51191
51192
51197
51198
51199
51201
51202
51206
51207
51208
51210
51211
51430
51431
51432
51433
51440
51481
51491
51492
51494
51511
51513
51608
51612
51613
51614
51615
51616
51617
51618
51761
51770
51771
51790
51856
51932
51933
51934
51935
51936
51937
51938
51939
51940
51941
52085
52167
52168
52169
52170
52257
52297
52298
52315
52316
52317
52327
52345
52737
52738
52739
52740
52741
52742
52744
52746
52747
52751
52755
52758
52760
52762
53046
53343
53522
53543
53544
53545
53546
53547
53548
53549
53552
53638
53850
54047
54181
54503
54529
54533
54578
54588
54589
54654
54656
54782
54821
54834
54835
54836
54838
54839
54841
54843
54844
54855
54861
55279
55280
55281
55282
55283
55315
55316
55317
55318
55319
55320
55321
55322
55323
55324
55325
55409
55522
55539
55547
55548
55549
55550
55551
55556
55652
55739
55740
55771
55772
55776
55865
55879
55880
55881
55882
55888
55889
55890
55893
55960
56084
56101
56173
56176
56177
56210
56244
56245
56249
56254
56329
56330
56331
56616
56786
56817
57070
57096
57195
57234
57236
57274
57303
57309
57443
57506
57564
57647
57787
57788
57842
57843
57931
58056
58059
58061
58083
58084
58085
58086
58088
58090
58091
58093
58094
58095
58097
58100
58103
58126
58127
58131
58132
58133
58136
58250
58255
58340
58341
58342
58343
58344
58345
58346
58505
58546
58549
58574
58576
58600
58603
58656
58661
58887
58912
58915
58926
58932
58935
58936
58951
58960
58971
59175
59197
59344
59345
59346
59347
59349
59350
59353
59370
59371
59372
59375
59376
59377
59382
59384
59387
59490
59493
59494
59495
59496
59497
59502
59590
59702
59751
59752
59893
59923
59961
60020
60023
60024
60026
60027
60030
60120
60121
60240
60241
60244
60288
60290
60448
60489
60537
60552
60553
60554
60643
60701
60726
60739
60758
60759
60763
60764
60765
60766
60798
60804
60806
60807
60811
60812
60813
60820
60821
60823
60824
60825
60826
60827
60828
61201
61247
61277
61278
61279
61281
61365
61520
61526
61576
61729
61730
61782
61787
61848
61850
62337
62339
62346
62392
62456
62517
62522
62585
62588
62607
62608
62651
62653
62661
62663
62684
62685
62686
62687
62688
62689
62690
62691
62692
62712
62768
62782
62846
62883
62907
62919
62934
62937
62986
62989
63144
63228
63409
63410
63425
63440
63467
63656
63740
63741
63749
63779
63781
63817
63846
63848
63851
63854
63857
63909
63920
63921
63924
63925
63926
63966
63972
64071
64072
64211
64214
64215
64284
64285
64287
64288
64289
64290
64291
64292
64297
64299
64300
64304
64306
64307
64308
64309
64312
64315
64319
64320
64321
64323
64325
64326
64328
64329
64330
64331
64332
64333
64334
64335
64336
64337
64338
64339
64340
64341
64342
64343
64344
64345
64346
64347
64348
64349
64350
64351
64352
64353
64354
64355
64356
64357
64358
64359
64360
64361
64362
64363
64364
64365
64366
64367
64368
64369
64370
64371
64372
64373
64374
64375
64376
64377
64378
64382
64383
64403
64405
64406
64408
64409
64410
64411
64412
64413
64414
64415
64416
64417
64418
64419
64420
64421
64422
64423
64424
64425
64426
64427
64428
64433
64434
64435
64437
64438
64439
64440
64441
64442
64445
64446
64447
64449
64451
64452
64454
64455
64456
64457
64458
64628
64633
64634
64646
64647
64648
64649
64650
64651
64652
64653
64654
64656
64657
64658
64659
64660
64688
64690
64691
64692
64693
64694
64695
64696
64697
64698
64699
64700
64701
64702
64703
64704
64705
64706
64707
64708
64709
64710
64711
64712
64713
64714
64715
64716
64718
64719
64884
65047
65113
65140
65141
65142
65143
65144
65145
65146
65147
65148
65149
65150
65152
65153
65154
65155
65156
65157
65158
65160
65161
65163
65164
65165
65166
65168
65169
65171
65173
65174
65176
65177
65178
65179
65181
65182
65183
65184
65185
65186
65189
65199
65200
65203
65204
65205
65207
65208
65210
65211
65212
65214
65215
65217
65226
65227
65228
65302
65303
65304
65308
65310
65394
65414
65453
65501
65502
65570
65595
65604
65605
65624
65663
65676
65719
65728
65731
65739
65743
65795
65796
65916
65920
66022
66024
66051
66105
66197
66222
66223
66224
66225
66261
66310
66383
66384
66385
66481
66493
66515
66529
66532
66535
66540
66547
66552
66555
66556
66567
66570
66572
66771
66779
66787
66788
66833
66835
66836
66837
66838
66884
66939
66940
66941
67107
67108
67109
67110
67118
67192
67279
67280
67281
67311
67312
67363
67372
67373
67374
67375
67380
67494
67495
67496
67500
67502
67538
67611
67613
67696
67697
67745
67756
67769
67770
67771
67848
67853
67857
67898
67943
67968
68018
68023
68024
68040
68041
68042
68043
68069
68076
68218
68219
68220
68221
68222
68223
68224
68225
68226
68227
68228
68229
68230
68232
68290
68327
68484
68506
68548
68597
68649
68650
68673
68713
68827
68828
68829
68835
68903
68904
68905
69059
69113
69332
69336
69343
69411
69419
69471
69498
69499
69500
69556
69602
69640
70145
70146
70147
70148
70149
70150
70151
70152
70153
70154
70155
70156
70157
70158
70159
70160
70161
70162
70182
70183
70184
70208
70209
70210
70278
70336
70615
70799
70893
70908
71233
71287
71294
71357
71377
71438
71444
71445
71910
71920
71921
71959
72039
72056
72083
72087
72088
72323
72326
72417
72532
72539
72547
72908
72935
73038
73067
73068
73069
73070
73071
73072
73073
73074
73075
73204
73206
73214
73219
73223
73242
73243
73311
73312
73313
73315
73317
73327
73414
73674
73685
73709
73719
73881
73883
73895
73902
73916
73917
73930
74099
74291
74415
74433
74445
74462
74485
74509
74542
74566
74771
75441
75694
75804
75856
75924
75930
75936
75995
75997
76001
76174
76329
76537
76687
76691
76888
77001
77181
77213
77393
77394
77553
77579
77581
77584
77585
77586
77613
77622
77760
77949
77990
78021
78023
78098
78403
78583
78584
78587
78588
78590
78591
78592
78593
78616
78617
78618
78619
78779
78782
78933
78942
78944
78947
78948
78951
78952
78953
78954
78955
78956
78981
79044
79045
79047
79118
79154
79180
79240
79344
79345
79346
79348
79349
79350
79351
79576
79577
79583
79594
79640
79666
79744
79745
79797
79809
79810
79811
79812
79813
79814
79815
79816
79817
79818
79820
79944
79948
79949
79950
79951
79952
79953
79954
79955
79956
79957
79958
79961
79977
79978
79979
79983
79984
80135
80195
80205
80227
80285
80372
80381
80391
80408
80409
80429
80472
80557
80578
80579
80580
80599
80600
80601
80602
80603
80791
80792
80793
80794
80795
80806
80807
80808
80811
80842
80853
80855
80857
80859
81017
81058
81063
81128
81172
81212
81378
81437
81525
81526
81585
81586
81694
81699
81746
81796
81797
81856
81874
81882
81949
82135
82195
82196
82212
82396
82402
82404
82411
82595
82596
82597
82598
82603
82604
82605
82606
82607
82608
82609
82610
82611
82612
82613
82615
82616
82617
82618
82619
82620
82646
82650
82660
82691
82692
82693
82694
82698
82702
82756
82757
82758
82759
82761
82762
82764
82766
82767
82768
82769
82771
82772
82773
82774
82775
82776
82777
82778
82780
82782
82783
82784
82785
82786
82787
82789
82790
82791
82792
82793
82794
82795
82797
82798
82799
82800
82802
82804
82805
82925
82975
82989
82990
82991
82992
82993
82994
82995
83222
83230
83232
83361
83362
83363
83365
83366
83367
83416
83417
83442
83723
83725
83726
83727
83729
83730
84124
84136
84139
84338
84339
84354
84363
84371
84373
84377
84378
84379
84380
84385
84386
84387
84477
84480
84578
84660
84663
84703
84704
84709
84730
84752
84872
84893
84896
84897
85181
85351
85364
85462
85464
85496
85517
85525
85526
85532
85535
85536
85540
85541
85543
85551
85552
85553
85554
85960
85961
86065
86076
86169
86281
86306
86307
86308
86309
86310
86311
86312
86313
86314
86315
86316
86317
86318
86517
86518
86521
86522
86523
86524
86525
86526
86527
86528
86532
86533
86534
86535
86536
86537
86540
86547
86554
86613
86642
86771
86772
86929
86975
86977
86978
86979
86980
86981
86982
86983
86984
86985
86986
86987
86988
86989
86990
87014
87016
87024
87270
87388
87449
87450
87452
87455
87521
87621
87658
87669
87686
87687
87688
87690
87754
87831
87837
87839
87840
87841
87842
87845
87846
87972
87973
87974
88008
88041
88043
88044
88045
88061
88178
88185
88186
88188
88189
88190
88192
88195
88196
88197
88198
88199
88200
88201
88202
88203
88204
88211
88212
88378
88385
88389
88391
88393
88436
88450
88451
88482
88559
88560
88561
88562
88563
88564
88565
88705
88707
88719
88720
88730
88742
88747
88754
88764
88807
88815
88816
88817
88818
88878
88879
88931
88950
88960
88968
88977
88978
88979
89008
89009
89010
89011
89018
89029
89030
89111
89112
89113
89118
89165
89174
89180
89181
89182
89183
89184
89185
89186
89187
89188
89209
89362
89380
89485
89486
89489
89490
89493
89499
89529
89536
89540
89546
89618
89629
89661
89666
89668
89669
89670
89671
89672
89673
89674
89675
89676
89784
89808
89814
89815
89881
89883
89885
89989
89990
90117
90407
90463
90467
90468
90469
90470
90523
90524
90525
90713
90792
90793
90794
90795
90796
90797
90798
90865
90887
90888
90889
90890
90891
90892
90893
90894
90895
90896
90897
90898
90899
90912
90913
90915
91009
91078
91511
91512
91513
91514
91515
91516
91517
91518
91519
91641
91656
91672
91829
91830
91969
92029
92067
92142
92143
92266
92267
92336
92350
92366
92368
92369
92370
92386
92387
92388
92389
92390
92391
92392
92393
92394
92395
92402
92417
92443
92663
92664
92666
92667
92668
92669
92670
92672
92673
92682
92683
92684
92733
92734
92735
92736
92737
92738
92739
92740
92742
92743
92745
92764
92770
92775
92776
92780
92781
92782
92783
92784
92785
92786
92789
92791
92866
93050
93058
93059
93069
93070
93071
93072
93073
93074
93075
93076
93077
93079
93080
93081
93082
93083
93085
93313
93328
93337
93338
93339
93346
93567
93767
93768
93771
93773
93777
93778
93779
93897
93915
93916
93982
94038
94197
94232
94315
94547
94550
94575
94599
94718
94851
94857
94874
94896
95049
95055
95203
95208
95211
95217
95221
95222
95389
95390
95391
95392
95393
95394
95395
95410
95730
95760
95811
95812
95813
95814
95815
95816
95817
95818
95819
95939
96073
96152
96189
96364
96365
96429
96431
96443
96448
96450
96452
96453
96463
96470
96634
96685
96695
96733
96763
96900
96901
96902
96904
96905
96917
96918
96948
97182
97186
97188
97191
97199
97367
97404
97459
97568
97569
97582
97584
97587
97675
97879
97880
98166
98379
98457
98565
98752
98796
98798
98800
98865
98870
99002
99073
99074
99243
99263
99273
99274
99275
99277
99365
99519
99575
99956
99962
99963
99967
99968
99969
99970
100491
100644
100656
100775
100853
100855
100856
100880
100883
100900
101011
101070
101072
101073
101108
101109
101207
101209
101216
101219
101273
101528
101555
101669
101670
101671
101673
101749
101750
101784
101785
101786
101842
101844
101849
101850
101851
101852
101853
101866
101888
102445
102446
102447
102448
102449
102450
102451
102452
102453
102454
102456
102457
102458
102459
102524
102531
102584
102768
102866
103012
103160
103161
103162
103163
103164
103437
103451
103531
103532
103593
103800
103801
103826
103863
103879
104179
104233
104234
104236
104237
104239
104240
104241
104242
104300
104363
104415
104486
104544
104545
104552
104553
104554
104599
104601
104666
104831
104833
104853
104945
104994
105017
105075
105145
105264
105266
105267
105268
105269
105270
105291
105399
105400
105403
105546
105547
105621
105622
105667
105683
105703
105708
105709
105710
105773
105785
105934
105935
105936
106010
106034
106035
106067
106068
106072
106073
106074
106095
106101
106102
106103
106104
106105
106107
106108
106109
106110
106112
106113
106115
106116
106117
106120
106121
106123
106124
106125
106126
106127
106128
106129
106130
106131
106132
106133
106134
106135
106137
106139
106140
106141
106142
106143
106144
106146
106161
106162
106163
106164
106288
106315
106316
106317
106318
106319
106320
106321
106322
106323
106325
106369
106370
106371
106372
106373
106375
106576
106712
106717
106723
106856
106863
106871
106872
106873
106874
106876
106877
106878
106879
106880
106881
106882
106899
106900
106902
106903
106904
106905
106906
106907
106908
106909
106910
106911
106912
106913
106914
106916
106917
106919
106920
106921
106922
106923
106924
106925
106926
106927
106929
106930
106931
106933
106934
106936
106937
106938
106939
106940
106941
106943
107118
107124
107149
107155
107214
107215
107223
107331
107332
107333
107336
107337
107470
107471
107477
107493
107494
107532
107635
107645
107646
107647
107650
107651
107787
107818
107819
107820
107821
107822
107823
107847
107848
107849
107850
107851
107852
107853
107854
107855
107856
107857
107858
107859
107860
107861
107862
107863
107864
107865
107866
107867
107868
107869
107870
107871
107872
107873
107874
107875
107878
107879
107880
107881
107882
107883
107884
107886
107887
107888
107889
107890
107891
107893
107899
107941
107942
107943
107944
107945
107946
107948
107949
107950
107967
107968
107969
107970
107971
107991
107992
107993
107994
107995
107998
108001
108005
108006
108007
108008
108009
108066
108170
108280
108286
108288
108290
108291
108292
108293
108298
108313
108330
108332
108337
108347
108388
108580
108601
108619
108621
108622
108679
108683
108684
108685
108687
108688
108714
108725
108815
108818
108842
108887
108889
108890
108891
109014
109059
109060
109061
109064
109149
109150
109153
109154
109157
109158
109159
109160
109161
109162
109163
109167
109169
109172
109176
109180
109182
109183
109184
109185
109186
109187
109299
109301
109333
109334
109343
109371
109385
109386
109387
109388
109390
109391
109408
109451
109487
109523
109525
109526
109528
109530
109532
109538
109539
109540
109541
109542
109543
109544
109545
109546
109548
109549
109550
109551
109553
109554
109555
109556
109558
109559
109561
109562
109564
109565
109566
109567
109570
109571
109572
109573
109574
109575
109577
109578
109579
109580
109586
109587
109588
109589
109590
109591
109592
109593
109594
109596
109600
109601
109646
109647
109660
109662
109687
109755
109756
109764
110033
110058
110059
110061
110100
110147
110182
110186
110215
110216
110217
110266
110331
110395
110417
110418
110420
110451
110452
110453
110454
110455
110559
110563
110564
110565
110566
110567
110568
110586
110587
110588
110589
110590
110591
110592
110593
110594
110595
110597
110598
110599
110600
110601
110602
110604
110605
110644
110645
110747
110784
110803
110804
110806
110807
110808
110810
110821
110822
110823
110824
110825
110826
110827
110837
110839
110855
110867
110868
110896
110941
110945
110946
110952
111000
111003
111068
111455
111533
111572
111646
111691
111724
111765
111810
111811
111813
111815
111816
111817
111818
111820
111821
111822
111824
111826
111827
111828
111831
111832
111833
111834
111835
111836
111837
111838
111922
111945
111997
111998
111999
112000
112001
112031
112091
112116
112117
112118
112119
112120
112121
112122
112124
112125
112126
112127
112128
112129
112130
112131
112142
112144
112196
112228
112231
112313
112677
112695
112699
112700
112895
113006
113120
113133
113152
113195
113196
113238
113302
113303
113306
113307
113308
113323
113336
113356
113357
113358
113359
113360
113361
113362
113363
113365
113366
113367
113368
113369
113370
113371
113372
113373
113400
113401
113402
113405
113446
113459
113460
113461
113462
113504
113505
113506
113507
113508
113509
113510
113511
113512
113513
113514
113515
113516
113517
113518
113519
113520
113521
113522
113523
113524
113525
113526
113527
113528
113529
113530
113531
113532
113533
113534
113535
113536
113537
113538
113539
113540
113541
113543
113603
113624
113625
113626
113627
113628
113629
113630
113631
113632
113633
113634
113635
113636
113637
113638
113639
113640
113641
113642
113643
113644
113645
113646
113647
113648
113649
113650
113651
113652
113653
113654
113655
113656
113657
113658
113659
113660
113661
113662
113663
113664
113665
113666
113667
113668
113669
113670
113671
113672
113673
113674
113675
113676
113677
113678
113679
113680
113681
113682
113706
113739
113740
113741
113742
113743
113744
113745
113746
113747
113748
113749
113750
113751
113752
113753
113754
113755
113757
113760
113761
113762
113764
113765
113766
113767
113768
113835
113837
113843
113844
113845
113846
113847
113848
113849
113930
113933
113934
113935
113936
113956
113977
114029
114030
114031
114032
114033
114034
114035
114087
114088
114089
114154
114173
114176
114177
114178
114179
114202
114225
114226
114227
114228
114250
114251
114282
114296
114297
114420
114542
114622
114624
115043
115135
115347
115348
115349
115350
115351
115355
115356
115405
115428
115455
115538
115582
115583
115654
115655
115662
115747
115748
115749
115767
115768
115769
115770
115771
115772
115773
115774
115775
115777
115778
115779
115879
116000
116005
116080
116081
116082
116147
116157
116158
116159
116160
116161
116162
116163
116164
116165
116169
116186
116187
116301
116309
116310
116311
116314
116379
116380
116381
116386
116473
116595
116600
116612
116613
116658
116659
116752
116779
116807
116808
116809
116810
116811
116812
116813
116844
116845
116846
116848
116849
116850
116851
116852
116853
116857
116858
116861
116862
116864
116990
117110
117235
117236
117237
117238
117239
117240
117325
117515
117516
117517
117529
117530
117603
117604
117605
117606
117607
117608
117609
117610
117611
117612
117613
117615
117616
117617
117627
117628
117629
117793
117794
118194
118302
118303
118413
118453
118454
118455
118710
118852
118893
118913
119102
119575
119653
119654
119744
119745
119846
120200
120628
120770
120792
120818
120819
120820
120821
120822
120823
120824
120825
120826
120827
120828
120830
120831
120832
120833
120834
120835
120836
120837
120838
120839
120840
120843
120919
121003
121068
121106
121107
121108
121109
121110
121111
121314
121374
121377
121378
121380
121695
121696
121763
121818
121824
121825
121826
121827
121828
121829
121830
121831
121832
121833
121834
121835
121836
121837
121838
121839
121840
121841
121842
121843
121844
121845
121846
121847
121848
121849
121850
121851
121852
121853
121854
121856
121857
122063
122107
122210
122273
122289
122290
122366
122367
122407
122408
122409
122410
122411
122412
122413
122414
122415
122416
122714
122715
122716
122717
122718
122719
122744
122851
122933
122994
123052
123218
123222
123227
123237
123445
123447
123660
123840
123940
124078
124524
124525
124534
124696
124697
124698
124699
124700
124850
125056
125126
125140
125272
125327
125427
125476
125684
125731
125955
126173
126213
126376
126529
126530
126843
126844
126845
126846
126847
126848
126850
127505
128267
128344
128352
128689
128690
128731
128822
128949
128982
129263
129453
130721
130964
130965
130967
130968
130969
130970
130971
130972
130974
131033
131034
131035
131036
131037
131038
131039
131040
131042
131059
131060
131061
131106
131107
131108
131109
131110
131111
131112
131113
131114
131115
131162
131164
131165
131166
131167
131177
131178
131179
131180
131181
131182
131183
131184
131185
131186
131189
131190
131191
131192
131193
131197
131198
131199
131200
131201
131228
131307
131308
131309
131310
131311
131437
131727
131773
131900
132118
132137
132170
132172
132407
133297
133364
133399
133434
133435
133466
133626
133806
133931
134122
134523
134524
134740
134875
134876
134877
134955
134961
135013
135140
135354
136718
136994
136995
137174
137719
138321
138514
139031
139181
139182
139436
139686
139967
139969
140238
140239
140449
140928
141395
142400
142484
142777
143060
143447
144629
144642
144906
145093
145447
145593
145847
146315
146390
146401
146423
146458
146938
147458
148355
148357
148571
148956
149858
149901
150034
150221
150222
150223
150224
150704
150734
150958
151103
151364
151748
151751
151752
151754
151756
152396
152623
152661
152856
152857
152858
152859
152860
152861
152862
152863
153111
153344
153444
153655
154105
154107
154585
155802
157326
157460
157461
157462
157463
157464
157465
157467
157636
157638
157667
157898
158226
158781
158844
160622
161694
161827
161832
162726
162731
162733
164012
164013
164014
164015
164016
164017
164018
164019
164021
164024
164025
164027
164031
164269
164417
164731
164733
164736
164738
164739
164742
164743
164745
164748
164751
164752
164754
164755
164756
164757
164758
164839
164852
164853
164854
164855
165865
165994
166022
166187
166395
166396
166398
166401
166402
166403
166404
166406
166407
166419
166666
167413
167414
167417
167418
167421
167425
167450
167451
167452
167457
167459
167463
167464
167466
167735
167784
168219
168316
168371
168373
168374
168376
168377
168378
168379
168380
168381
168382
168383
168384
168385
168437
168725
168756
168774
168948
169076
169307
169653
170192
170194
170772
170773
171411
171612
171615
171759
171875
172062
172101
172102
172103
172104
172105
172106
172109
172112
172113
172114
172116
172117
173747
173748
173932
174255
174685
174688
174866
175999
176331
176431
176450
176452
176512
176748
177246
178118
178131
178251
178302
178843
179337
179580
180080
180192
180263
180769
181169
181257
182007
182126
182218
182527
184079
185052
185108
187493
188261
188803
189109
190048
190502
190732
190975
191649
191677
192411
192726
192727
193559
194712
195399
195971
196452
196487
196653
197072
197134
198766
199037
199038
199054
199065
199066
199067
199309
199505
200101
202282
202743
202857
203050
203290
204183
204432
204538
204539
204540
204541
204542
204543
204896
205101
205102
205547
205549
205591
205594
205596
205609
205986
206073
206076
206078
206079
207352
208604
208606
208725
209172
209741
209743
210082
210484
210485
210486
210487
210488
210489
211335
211337
211338
212795
212908
213692
213694
213964
214518
214533
214588
215081
215203
216918
217531
217532
218301
219658
219665
221665
222126
222244
222246
222376
222377
222383
222417
224078
225305
226900
226997
228749
228756
229149
229778
233435
233437
233439
233602
233964
234152
235069
235746
238994
239838
240405
240618
243741
244287
244891
246908
247866
248344
250132
251245
251798
252812
252813
252924
253292
253301
253318
253321
253324
253326
253573
253591
253592
253593
253594
253598
253602
253606
253610
253765
253767
254662
254664
254666
255559
255561
255562
255563
255566
255849
255938
256077
256078
256080
256082
256084
256085
256334
256553
256895
257223
257747
257802
257917
258917
259921
260315
262316
262425
262822
262900
262925
262926
263207
263208
263573
263823
263829
264296
264346
265949
266466
266793
266923
266978
266989
267004
267484
267622
269361
269821
270736
271999
272187
272304
272339
272398
272524
272536
272783
272901
273638
275516
275698
276447
276604
276647
276894
277235
277837
278421
279272
279274
279311
279313
279315
279468
279758
282156
283416
283467
283468
283982
284107
284809
284810
284811
285183
286296
287440
287441
287442
288178
288179
288180
288954
288956
289252
289784
290035
290038
290792
290818
291166
291167
291168
291169
291305
291471
291735
291862
293146
293424
293425
293565
293701
293944
294079
294119
294120
294121
294122
294646
294889
295078
295409
296047
296054
296593
296727
297145
297599
297616
298288
298504
298505
298519
298641
298695
298790
299191
299203
299224
299409
299496
299498
299499
299500
299505
299508
299509
299583
299855
300157
300439
300564
300569
301085
301109
301110
301149
301181
302297
302581
302906
303155
303173
303265
303267
303721
304123
304236
304749
304970
305950
305954
305967
307094
307116
307751
307818
308259
308379
308380
308382
308391
308599
308796
309064
309148
309465
309466
309793
310945
310988
311170
311196
311206
311373
313585
314003
314807
314877
314889
314944
315456
315466
315905
316014
316218
316246
316718
317013
317014
317269
317704
318002
318234
318248
318250
318252
318257
318262
319807
319842
319844
319845
319848
319849
322003
322402
322403
322709
322710
323097
323568
323580
323592
323595
323600
323739
323740
324022
324174
324630
324636
324656
324983
324984
325208
325209
325210
325211
325212
325213
325215
325216
325774
326403
327452
327578
328245
328757
328835
329068
329078
329274
329591
329592
329812
329823
330145
330304
330334
330472
331022
331393
331521
331626
331912
331920
331921
331922
331923
331939
332029
332958
333292
333327
333331
333400
333909
335456
335596
336332
336682
336714
337168
337194
337285
338422
338501
339031
339261
339262
339374
339721
339904
339923
339925
340225
340228
340339
340340
340880
341441
341695
342646
342827
343093
343094
343470
344392
345020
345037
345294
345300
345304
345353
345545
345547
345549
346046
346564
346566
346567
346568
346569
346647
346682
346772
347016
347086
347207
347344
347462
348379
348951
349428
349437
349438
349464
349502
349780
349873
349955
350495
350632
350954
350957
352363
352681
353011
353067
353184
353185
353238
353925
354034
354036
354622
354923
354926
354974
355524
356560
356564
356565
356566
356567
356568
356569
356570
356571
356572
356573
356574
356575
356576
356577
356578
357711
358182
359168
360457
360897
360963
362526
362527
363149
363287
363650
363771
363778
363779
363780
364107
364199
364357
364359
364363
364866
365159
365163
365403
365890
366039
366343
366504
366509
366514
366723
366726
366732
366735
366740
366745
366751
366755
366758
366761
366831
369267
369466
371535
371537
372509
372512
372515
372516
372517
372518
372520
372521
372523
372977
373288
373289
373501
373502
373632
375452
375455
375459
375464
375591
375592
375839
375841
376205
376450
376954
376958
377332
377340
377998
379736
379846
380967
381672
381916
381926
381929
382133
383346
383848
383849
383852
383853
383930
383951
384669
384916
384940
384942
384944
384945
384948
385533
385580
385591
385671
385747
385917
386332
387547
387549
387550
387551
387552
387553
387554
387555
387556
388015
388016
389293
390070
390110
390347
390906
390992
391330
391613
391739
391915
392348
392542
392674
392788
393008
393207
393219
393309
393604
393918
394025
394049
394051
395311
395455
395458
396838
397064
397065
397067
397068
397383
397610
397970
398275
398276
398784
398898
399066
399101
400275
400353
400428
400663
400803
401025
401026
401198
401209
401703
401860
402327
402526
403092
403223
403476
404758
405005
405008
405230
405236
405238
405241
405243
405601
405672
405995
405998
405999
406001
406002
406003
406004
406005
406006
406007
406010
406011
406014
406015
406016
406017
406340
406597
407528
407944
408672
408805
408842
409037
409227
409230
409317
409401
409460
409475
410018
410845
411740
412303
412872
412889
412930
413006
413015
413665
413668
413669
413771
413841
413888
414221
414222
414434
415018
416151
416154
416625
416721
417781
417851
418296
418721
418722
418728
418740
418929
419039
419364
419812
420217
421434
421722
421724
421726
422100
422513
422878
423512
423904
424882
425122
425518
425521
425523
425526
426446
426987
427216
427568
428216
428217
428218
428219
428221
428294
428850
428887
429010
429858
429921
429923
430624
430629
432593
432594
432596
432597
432598
432600
432601
432602
433113
433116
433119
433125
433126
433724
434503
435258
436441
436757
437072
437183
438849
440186
441447
441495
441497
441938
441998
441999
442148
443046
443505
443966
444121
444654
444655
445498
446238
446566
446568
446569
446591
446593
446604
446628
446634
446819
448323
451996
452945
454614
455248
457243
457365
457413
458741
458766
459020
459786
460078
460079
460080
460355
460356
463690
464214
465305
465375
465376
466770
466772
468432
469269
470051
472007
472009
472011
472012
472013
472307
472309
472764
472880
473001
473185
473306
473307
473309
473321
473323
473326
473328
473330
474200
475617
475716
475721
476992
478518
481396
481402
481406
481808
481995
482250
482251
482252
482562
482579
482984
483449
484388
484459
485083
485309
485513
485648
485649
485650
485651
485652
486222
486654
486680
487175
487184
487187
487191
487192
487193
487196
487197
487200
487394
487399
487573
488382
488571
488694
488698
488703
488706
488897
489139
489404
491057
491171
491172
491792
492291
493158
493674
493869
494500
495459
495460
495461
495462
495463
495467
495468
495469
495470
495471
496943
497040
497275
497850
498469
499614
499619
499622
500802
500806
501039
501047
501524
501525
501527
501530
501531
501793
503073
504842
505714
505716
506170
506575
506577
506793
506848
507492
507777
509050
509522
510720
510880
510882
511055
511808
511809
512408
515202
515502
515632
516875
518248
518951
519021
519079
519542
519718
519898
520732
521488
521823
522247
522738
523368
523491
524786
525302
527738
527742
527750
529831
529832
530108
530110
531464
531695
532041
532140
532606
533412
534905
535438
537033
537615
537727
538184
539808
540006
541256
541538
542270
542293
542315
542808
542809
542813
542814
542979
543300
543309
543315
543318
543414
543548
544194
545908
546440
547449
547520
547649
547651
547839
549088
549091
549679
549681
549682
549683
549707
549709
549710
549836
549837
549903
552206
552316
552317
552320
552322
552324
552326
552328
552329
552330
552332
552449
552498
552672
552858
552860
552862
553250
553487
553810
553968
553970
554220
555109
557413
557483
558699
558839
559013
559018
559407
560093
560095
561701
562562
562924
563061
563598
563881
563888
563895
563899
563904
564313
564733
565476
566983
567219
568107
568110
568112
568122
568694
569651
570185
570581
572721
572804
573755
573757
574314
574587
575261
575664
576836
577999
578604
578611
580000
581211
581212
582426
583097
583410
585559
585714
585739
585777
586093
587440
588338
589407
589412
589959
590487
590725
590905
591003
591222
592685
593059
593516
593698
593732
593734
593943
593944
593945
593946
594314
594648
595611
595612
595613
595616
597478
599936
600408
600706
600885
602446
602807
603654
603802
604071
604854
604918
604919
605239
606572
607144
607269
608384
608763
608916
609394
610127
610292
610419
610452
610851
611378
611429
611430
611576
611718
611723
612222
614687
614688
614690
615074
615732
616900
617312
617315
619109
620546
620670
622642
622673
625229
625431
625747
625978
626347
626354
627304
627305
627306
627307
627308
627309
627310
627311
627792
627793
627906
628556
628806
628807
628808
629110
630054
630056
630057
630060
631269
632223
632367
632368
633749
633967
634327
634824
635007
635015
635608
636695
636721
637369
637830
639043
639740
639948
640033
640908
641179
643533
643696
643844
643883
644915
645203
645302
645603
645825
647065
647167
648941
651733
652866
652970
653540
653648
654143
654327
654984
655432
656030
656993
657432
658365
659122
659123
659130
659131
659245
659270
659786
659788
659875
660343
661098
661209
661481
661644
661772
662540
662543
662545
664260
664620
665947
666403
670993
671642
671677
671918
672084
672404
672407
673213
673568
674262
676117
676534
676559
677761
678324
679682
680043
680369
680952
680954
681233
681301
683156
683158
683492
684264
685086
685218
685595
686322
686886
687141
688044
688679
689258
689809
689810
689811
689812
689813
689914
691402
694069
695945
696674
696983
697979
697986
700040
700275
701462
702028
703440
703441
703445
703446
703448
703654
703656
703657
703661
703669
703674
703675
703676
705022
705523
705708
705720
705775
708125
710202
712221
713170
713507
714309
715118
716519
716880
716988
717844
717847
718637
718786
718972
718983
718991
719254
719268
719269
719270
719271
719272
719273
719274
719276
719277
719571
721437
721438
721440
721441
722210
723462
723464
723510
724851
727072
728304
728932
729710
729863
729950
732203
732918
733630
736481
737507
737852
738182
739120
739422
739461
740871
741391
741936
742322
743033
743701
744022
744243
746375
747387
748387
748390
748749
748757
748837
748891
749826
750126
750392
750915
751024
751584
751819
752204
752925
754120
754121
754122
754128
754129
754134
755773
756064
756067
756302
756669
756702
758808
761746
763319
763323
763516
763518
763655
764199
764226
764849
765249
765582
765818
765829
766170
771446
775402
776446
777429
780135
782405
782560
783626
785283
786738
786742
786743
786745
786753
786809
790161
790162
790209
791337
791837
793144
794070
794282
794684
794685
794687
794688
794692
794694
794696
794697
796291
797107
797154
797908
798796
798832
799058
799820
799821
799823
799824
799825
799827
800440
800504
800693
801249
801955
801957
803356
803635
804223
806621
806622
809654
809659
810193
811656
811657
811658
813155
813460
813522
813528
813531
813605
813835
814772
815571
815574
815672
818808
821069
821301
824178
827256
827260
827261
827264
827265
827267
827269
827271
827579
827780
827816
827856
828183
828749
828753
830069
830920
831274
832673
832729
832730
833479
833485
833487
833490
833491
834201
838811
839934
839935
840236
840260
840824
840934
840977
840978
840979
842628
842678
842679
842680
842681
843219
843703
844048
846117
846351
846989
847150
847177
847184
848738
848990
848992
850410
850412
850413
850416
850478
851320
851353
853157
854673
854779
854835
854897
856652
857133
863461
864724
866306
866969
866976
867752
867754
867896
869211
871584
873462
875037
876520
877707
877937
880734
883478
883480
885347
892446
893757
893785
893945
894094
895132
896767
898674
900168
900172
901035
901040
902084
904603
904857
904859
907602
909138
909291
910137
911049
912407
912967
912970
913029
913042
913050
913476
913479
913481
913483
913501
913509
913596
913631
913634
913794
914084
914087
914091
914094
914097
914100
914104
914112
914114
914116
914121
914124
914127
914130
914276
914278
914284
914321
914340
914342
914456
914804
914805
914807
915934
915977
916424
917342
917620
919034
919041
919151
919236
920886
922022
923710
923740
925752
927834
928417
928652
928671
929261
931696
935568
936188
936203
938981
939245
941086
946682
946793
949824
949826
949827
949828
950690
951870
953893
954313
954505
954557
954715
958193
967978
968593
972834
973441
973854
974473
974474
975512
977026
979470
979472
979473
979489
980771
981973
982944
983915
983916
983917
983918
984364
984575
984578
984929
985074
985803
985914
987350
987354
989876
990510
991117
991634
992479
992992
996962
997931
1000233
1002159
1003497
1003892
1005856
1006585
1007581
1007658
1007965
1010520
1011577
1012660
1013126
1013377
1013589
1013859
1013957
1013958
1015563
1016751
1016753
1016984
1017071
1017702
1021425
1022751
1022960
1026742
1031517
1035021
1035578
1037839
1039267
1039269
1041200
1041575
1042691
1042927
1042930
1043111
1043369
1043370
1045801
1046211
1047096
1047427
1047608
1048359
1049644
1050570
1051334
1051923
1052457
1053761
1053969
1054912
1057961
1058365
1058368
1058385
1061147
1061148
1061149
1062272
1062282
1062284
1062287
1064035
1064038
1064816
1065630
1067382
1069127
1069153
1071061
1073666
1074292
1075189
1075198
1075573
1075575
1075579
1075631
1075647
1076559
1076562
1076563
1076571
1076573
1076576
1076579
1076581
1076583
1076584
1078502
1078844
1080108
1082014
1084352
1084739
1086520
1087549
1088331
1088443
1089063
1089069
1090120
1090122
1090124
1090129
1090140
1090144
1090147
1090152
1090644
1093733
1094560
1095745
1095783
1096262
1096616
1099397
1099983
1101655
1101677
1102158
1102361
1103441
1104402
1104405
1104723
1104724
1104726
1105109
1106890
1107836
1108040
1108084
1108105
1108389
1109366
1109390
1112015
1112016
1112420
1112427
1113547
1114610
1114865
1115058
1120823
1122751
1123604
1126864
1126883
1126884
1126885
1126886
1126888
1126890
1126892
1126921
1126947
1127598
1128947
1131186
1133473
1133553
1138311
1138313
1140607
1140973
1144648
1147008
1147067
1148443
1148446
1148463
1149683
1149687
1149689
1149690
1151055
1156831
1159125
1160475
1160942
1160997
1161995
1162442
1162443
1163611
1165550
1166479
1167412
1167836
1169805
1170297
1171750
1172365
1175727
1175728
1175788
1175792
1175961
1175999
1181974
1185090
1187521
1187854
1195363
1198968
1205462
1205658
1206598
1211447
1215466
1215467
1222723
1224350
1224859
1224862
1228590
1228592
1228658
1232084
1237647
1243135
1244427
1249674
1249683
1251387
1252206
1255718
1262057
1262060
1262062
1262355
1265794
1268167
1268168
1271105
1274653
1274724
1274725
1276832
1282609
1282692
1284659
1285105
1290529
1293512
1296597
1296732
1296781
1296827
1302246
1302487
1303643
1305652
1308398
1308973
1308978
1310704
1312694
1312695
1312697
1312698
1312699
1313201
1313202
1313203
1313204
1313205
1313206
1313207
1314089
1314090
1316370
1316581
1316962
1316965
1317884
1323608
1324156
1324159
1324725
1325972
1328325
1328330
1330355
1333225
1336865
1337721
1338307
1343784
1348130
1348767
1348996
1350791
1350797
1352539
1355925
1359647
1361341
1361359
1361370
1361371
1361375
1362218
1365139
1370248
1370270
1374951
1381380
1382608
1382609
1386880
1394093
1396554
1397186
1401870
1402066
1407788
1408979
1412126
1415300
1417540
1421029
1421107
1421398
1428411
1428412
1428413
1428415
1428418
1428419
1431053
1432209
1436542
1436544
1436549
1436550
1436551
1436553
1436554
1436555
1436557
1436915
1439689
1442198
1442544
1442545
1442549
1443629
1444590
1448225
1448786
1449693
1454806
1456605
1459554
1459653
1459654
1459655
1459657
1459660
1459665
1459668
1461209
1461275
1466128
1467694
1469181
1474765
1474953
1476785
1476833
1479436
1479636
1481269
1482811
1483478
1484565
1486380
1486882
1486963
1490670
1492725
1492899
1493981
1494086
1494087
1495782
1495790
1498354
1498384
1498386
1498388
1498401
1498402
1498403
1498911
1499201
1499277
1500630
1503521
1504849
1505423
1506293
1508474
1508475
1509520
1510635
1510638
1510640
1510641
1510643
1510644
1510646
1510647
1510648
1510652
1511699
1513973
1514257
1516188
1516338
1516345
1519115
1523339
1523937
1529222
1529225
1529780
1532809
1540541
1542048
1542053
1542960
1542996
1545909
1547416
1547434
1553339
1557264
1567771
1570618
1575496
1575511
1581513
1585506
1585510
1588803
1591459
1591603
1591697
1592392
1596178
1599511
1600891
1609713
1610123
1610124
1610125
1610745
1612885
1619017
1620073
1620181
1620797
1623145
1623146
1623147
1623148
1623149
1623150
1624735
1627767
1634449
1634450
1634773
1635399
1638348
1639209
1639525
1640380
1640381
1642525
1643608
1646169
1646734
1647139
1647170
1647369
1647676
1649169
1652592
1653724
1654855
1655244
1655247
1660207
1660209
1660210
1660981
1662120
1669483
1669766
1670210
1674286
1674289
1677793
1677797
1678195
1679692
1681127
1681129
1681130
1682469
1682473
1683011
1683232
1683233
1683234
1684719
1687243
1689470
1689545
1689551
1689577
1689583
1690149
1691219
1691807
1692319
1692641
1692675
1692829
1693032
1693033
1693160
1694521
1694758
1695788
1697399
1699326
1702490
1703069
1705172
1706470
1707010
1707140
1707142
1717416
1721676
1721677
1721849
1721852
1721916
1721955
1725187
1725188
1725189
1726274
1726529
1727491
1729475
1730932
1733015
1733386
1733402
1733445
1733452
1733485
1733491
1733495
1733516
1733971
1734015
1734042
1735211
1735252
1736206
1736213
1736223
1736225
1736227
1737423
1738315
1740533
1740623
1742401
1746508
1746546
1746560
1746564
1746566
1749819
1750616
1750618
1750620
1751247
1751708
1752901
1762688
1764987
1766142
1767216
1770815
1771537
1776045
1783941
1784334
1784336
1784400
1788813
1792979
1798798
1802784
1802785
1803475
1805941
1809894
1811830
1813271
1819277
1824773
1824774
1824775
1824777
1824779
1824780
1824782
1824783
1824785
1824786
1824791
1824794
1824795
1824796
1824797
1824799
1824800
1824801
1824802
1824803
1825089
1825090
1825759
1833277
1833754
1834581
1834583
1834584
1834585
1834587
1834588
1834589
1834590
1834591
1834592
1834593
1834595
1834597
1834598
1834599
1834600
1834601
1834602
1834604
1834605
1834606
1834607
1834608
1834611
1834612
1834613
1834614
1834615
1834616
1834617
1834618
1834619
1834620
1834621
1834622
1834623
1834624
1834625
1834626
1834627
1834628
1834629
1834630
1834631
1834632
1834633
1834634
1834635
1835066
1835067
1835291
1836389
1836395
1836397
1836638
1836950
1836951
1841092
1841095
1845938
1846067
1847411
1847855
1847857
1847860
1848855
1849621
1849622
1851226
1852767
1852777
1853457
1853474
1854082
1854088
1854090
1854094
1859461
1860328
1861424
1861425
1861675
1861955
1882007
1884864
1889359
1889362
1889364
1889367
1891264
1891385
1891386
1891387
1891388
1891389
1891390
1891391
1891392
1891393
1891395
1891396
1891397
1891399
1891400
1891401
1891402
1891403
1891405
1892219
1892220
1892230
1892249
1892258
1892269
1892270
1892271
1892274
1892277
1892282
1892289
1892777
1895964
1899945
1902735
1904393
1904532
1904534
1905768
1907999
1908357
1914496
1916409
1918730
1923177
1929265
1934440
1935317
1935399
1935400
1935401
1935402
1944007
1949448
1952860
1953916
1954130
1958692
1958965
1960735
1968495
1970149
1970151
1970155
1970156
1970159
1970641
1972383
1973731
1978460
1978902
1980392
1980393
1981443
1981568
1981570
1984101
1984689
1986908
1989277
1990661
1994123
1995783
1996738
1997522
1998698
2000814
2000815
2000817
2000821
2003624
2003638
2004406
2004408
2004576
2005390
2005430
2010004
2011706
2012073
2015082
2018026
2018031
2018036
2021152
2028895
2029827
2032180
2032980
2032981
2032983
2036005
2036591
2036602
2041387
2042210
2043693
2044206
2045217
2047168
2047169
2047177
2048029
2049289
2051747
2060803
2066091
2066720
2066723
2066885
2066898
2068068
2068069
2070524
2070527
2071058
2071316
2072800
2074121
2076739
2076929
2081002
2082691
2085285
2085981
2086699
2088606
2091152
2092326
2092327
2092471
2093202
2095332
2095505
2095506
2095507
2095513
2095514
2095515
2095516
2095518
2095519
2095520
2095522
2095538
2095542
2095545
2095880
2095883
2097277
2097518
2098039
2101925
2101926
2107952
2110276
2112266
2112520
2115254
2117077
2122006
2122655
2122658
2122665
2122668
2122670
2125582
2125628
2126344
2127739
2129333
2130515
2130601
2132035
2132208
2136722
2136864
2140948
2142129
2144639
2145309
2145312
2145322
2145325
2146305
2146314
2146324
2146335
2146339
2146346
2148045
2150995
2150996
2150998
2151551
2152152
2152155
2152850
2152931
2153397
2154935
2154936
2155628
2155630
2157232
2159703
2161754
2161755
2162190
2162997
2163132
2163302
2163919
2163927
2163935
2165754
2167012
2168886
2168888
2175135
2178262
2178783
2179402
2186562
2191234
2192603
2192605
2192609
2193260
2193321
2195137
2197126
2199160
2199172
2199176
2201241
2201369
2201446
2201453
2202774
2208272
2208306
2208845
2208846
2208847
2211337
2211429
2212142
2213494
2213583
2214986
2216147
2224018
2224815
2225691
2227451
2229490
2230661
2232895
2233686
2237545
2237637
2238822
2238969
2241763
2242360
2244910
2244915
2244934
2244962
2245144
2247951
2248905
2248913
2248916
2248925
2251215
2251792
2255600
2258126
2259710
2259714
2261388
2261895
2261898
2266398
2269155
2270667
2273098
2274224
2278083
2278518
2288968
2289247
2289453
2292464
2292853
2292956
2295165
2299661
2301426
2305253
2307137
2313422
2313685
2314032
2314046
2314896
2317510
2317511
2319554
2319557
2320792
2322144
2322260
2323887
2324149
2325365
2330110
2330530
2330531
2331332
2336062
2336104
2339061
2348549
2348856
2349262
2349263
2351418
2353411
2354283
2354719
2355646
2356004
2356007
2356009
2356167
2356563
2356732
2356733
2356744
2356905
2358297
2359095
2359911
2361416
2361556
2362430
2362432
2363926
2363931
2363932
2364561
2364737
2365003
2366280
2367681
2367743
2368553
2369200
2370585
2372067
2375643
2379155
2379426
2379681
2384194
2384820
2385306
2385328
2386164
2387836
2387980
2388789
2391348
2395589
2397872
2401553
2401720
2403681
2404773
2405182
2407778
2409765
2410837
2411904
2412488
2413104
2413898
2414928
2415313
2417038
2417287
2419781
2420263
2420849
2422930
2424232
2424506
2426962
2429882
2429883
2430493
2430988
2432171
2432172
2432357
2432358
2432516
2433508
2435523
2435611
2436037
2436527
2438510
2440322
2440971
2441276
2441499
2441783
2441784
2443194
2443588
2445578
2446488
2449558
2450439
2451732
2452262
2454228
2454822
2457050
2457480
2457582
2461651
2461652
2461653
2463163
2464264
2464557
2466468
2467212
2467218
2467450
2467455
2467484
2468132
2469384
2470520
2472508
2472533
2474303
2474915
2476299
2476511
2476547
2476623
2477052
2477226
2477515
2477521
2478686
2479101
2480653
2480851
2481030
2483292
2483684
2484264
2484298
2485161
2485197
2486731
2488501
2488504
2488506
2488508
2488509
2488510
2488511
2488513
2488514
2489213
2492688
2494645
2497092
2498766
2499122
2499446
2499450
2501665
2504952
2506472
2507177
2507895
2508285
2509088
2509089
2510648
2511330
2512618
2512620
2512624
2512777
2512781
2513775
2514199
2514201
2514202
2515499
2515955
2516328
2520119
2520120
2520121
2520122
2520128
2520129
2520136
2520139
2520140
2520144
2520152
2520157
2520165
2520634
2521826
2523585
2524507
2525344
2525511
2529326
2531987
2533021
2534689
2535928
2538572
2539191
2539222
2540105
2542386
2544314
2546080
2547626
2547633
2547636
2548027
2548096
2549838
2550344
2550918
2553642
2559182
2562813
2571675
2571869
2571999
2575381
2575956
2578985
2581381
2582260
2582262
2582263
2582265
2587952
2588018
2588026
2588590
2588595
2588598
2588603
2588617
2588628
2588639
2588644
2588995
2589847
2591992
2592007
2592030
2594351
2595223
2596550
2600897
2601942
2604099
2604414
2605664
2607989
2609442
2610955
2614613
2616150
2618051
2619032
2619943
2621202
2623116
2626359
2628589
2632213
2632330
2634700
2635748
2638035
2639983
2648120
2649602
2651466
2654459
2655571
2656424
2660652
2660781
2668296
2668603
2668843
2668930
2669215
2669729
2669744
2669866
2670233
2674139
2674744
2674792
2674793
2675487
2675774
2678804
2680012
2680828
2680898
2681420
2681454
2681782
2681785
2681788
2681789
2685070
2685414
2686475
2687509
2688342
2688343
2688882
2689735
2689745
2689751
2689753
2689757
2689759
2689760
2689767
2692407
2692822
2693296
2695477
2697062
2698067
2698072
2698508
2699349
2699354
2699356
2699358
2699360
2699365
2701948
2701950
2704726
2704730
2705981
2706088
2706313
2706389
2709371
2711097
2712222
2712932
2714740
2716201
2716203
2716205
2718172
2723264
2724018
2724021
2724026
2725461
2728582
2728922
2729355
2729540
2729729
2729733
2733857
2739958
2740250
2741661
2741714
2742184
2743816
2743992
2744039
2744231
2744234
2744244
2744245
2744246
2744966
2748682
2750113
2752285
2754054
2758274
2758897
2759123
2761569
2761598
2762556
2767373
2767520
2769417
2770580
2776779
2777667
2778212
2778467
2782002
2784140
2785113
2785114
2785116
2790180
2790335
2791357
2791726
2793743
2794863
2794864
2794865
2794894
2795718
2796970
2798487
2798488
2798496
2798498
2798500
2798931
2799921
2806249
2806557
2807130
2807137
2807264
2809605
2811242
2813179
2813452
2813454
2815724
2815728
2822903
2822912
2822971
2823679
2823684
2824068
2824637
2838282
2838597
2839976
2840827
2844964
2846008
2847862
2847865
2850286
2850379
2851304
2853450
2854725
2854728
2856608
2857404
2857414
2857420
2857433
2858637
2858638
2860898
2864555
2865485
2866387
2866946
2867472
2873802
2875745
2875747
2878646
2881089
2882260
2882263
2883476
2883544
2884437
2890603
2892611
2892638
2895616
2897295
2898415
2904596
2905410
2908091
2914330
2916218
2918733
2920305
2921152
2924077
2925044
2925604
2926239
2926439
2927671
2929505
2929562
2929566
2929602
2929613
2929834
2929991
2929995
2929996
2929997
2930740
2930935
2930936
2931137
2931731
2932083
2932965
2933753
2933980
2935399
2937764
2939516
2944902
2946510
2952257
2953000
2955024
2957121
2958420
2960568
2961026
2962556
2962640
2967554
2969440
2974707
2977031
2977667
2978456
2979027
2981163
2984024
2984515
2992076
2995073
2995875
2997477
2998031
2998605
2999602
3001157
3002195
3002313
3003208
3004888
3004900
3005584
3006691
3006693
3006696
3007299
3012147
3014137
3016443
3017865
3019382
3022156
3023749
3023752
3024542
3024669
3024776
3024780
3025455
3028847
3030068
3031202
3031578
3032517
3033456
3033858
3034063
3034077
3034087
3034590
3035024
3035060
3036906
3038398
3038403
3038405
3038406
3040067
3041309
3042457
3043110
3048369
3049794
3051380
3055693
3057365
3061312
3064416
3065471
3066088
3066378
3066687
3066688
3066690
3066856
3067485
3067907
3067993
3068135
3069274
3070063
3070068
3071373
3072211
3072745
3072892
3072896
3072906
3072907
3072911
3072919
3072925
3072979
3074634
3075146
3075370
3076779
3077916
3078759
3079185
3079206
3079264
3079381
3082241
3082551
3082555
3084073
3084761
3085680
3085683
3087486
3087487
3087491
3087492
3087493
3087494
3087495
3090503
3092271
3094356
3094525
3096117
3096321
3098149
3099461
3099847
3101029
3102011
3106657
3106666
3106669
3106672
3106674
3107293
3107295
3108138
3109377
3110395
3112608
3113890
3115681
3115686
3115688
3115692
3117634
3117851
3118232
3118414
3120417
3120653
3122122
3122130
3122194
3122210
3122221
3123556
3123573
3125429
3126133
3126532
3126903
3126956
3126957
3127408
3128949
3129170
3129423
3129440
3129548
3129889
3129897
3130004
3130108
3130112
3130124
3130130
3130228
3130342
3131550
3132299
3133035
3133541
3134517
3136197
3136202
3136215
3140132
3142145
3142166
3143508
3146301
3146574
3147318
3147341
3147363
3147495
3148269
3150196
3153788
3154185
3156313
3156607
3156925
3157223
3157225
3157306
3157655
3158982
3159524
3159526
3159941
3160158
3160418
3160727
3162737
3162862
3163401
3165417
3165764
3166289
3167371
3167381
3167439
3167445
3167447
3167451
3168992
3170011
3170772
3171222
3171942
3172736
3173869
3174374
3175973
3179010
3179013
3179042
3179044
3179046
3179048
3181230
3181233
3181235
3181236
3181239
3181242
3182366
3182367
3182368
3182372
3182374
3182375
3182556
3186385
3187161
3189170
3193702
3193703
3195118
3195912
3197136
3198678
3200540
3200641
3201677
3203949
3205234
3207003
3207521
3208629
3210451
3210452
3210519
3210526
3210527
3211368
3211493
3211602
3214306
3214314
3215481
3215709
3215725
3216232
3216236
3216320
3216333
3218161
3218516
3219031
3219367
3219690
3220483
3221320
3222137
3223393
3226420
3227855
3228051
3228766
3229568
3230053
3232345
3232567
3232953
3236071
3236074
3236670
3237215
3238077
3238079
3238080
3238081
3238082
3238084
3238142
3238188
3239417
3240484
3240982
3241560
3242380
3243559
3243956
3244520
3244664
3245184
3245272
3245284
3245299
3245315
3245553
3246307
3246976
3247186
3248209
3248738
3249511
3251093
3251837
3252126
3252199
3252420
3252423
3252426
3252435
3252436
3252437
3252439
3252440
3252442
3252446
3252458
3252460
3252466
3252479
3252480
3252488
3252489
3252503
3252504
3252505
3252512
3252516
3252518
3252522
3252528
3252531
3252537
3252545
3252548
3252550
3253003
3253460
3254611
3254614
3254621
3255419
3256638
3257289
3260295
3260297
3260298
3260313
3262428
3263529
3264135
3264716
3264718
3264841
3264842
3264843
3264987
3265623
3266583
3266644
3266661
3269145
3269254
3270092
3270093
3270140
3270446
3270447
3270448
3270647
3271170
3272334
3272757
3273871
3273874
3273877
3273882
3276686
3277372
3278405
3279398
3279399
3279400
3279402
3279405
3279410
3279414
3279417
3283008
3283546
3283572
3283791
3284770
3285118
3289024
3289401
3289414
3289417
3289418
3289422
3289429
3289433
3289435
3289440
3289443
3289445
3289460
3289462
3289464
3290260
3290262
3290362
3290449
3291366
3291523
3291527
3291528
3291530
3293214
3293388
3293660
3293661
3293665
3293666
3293667
3293669
3293670
3293673
3294652
3295395
3295403
3295527
3295528
3295529
3295530
3295849
3297588
3299376
3300594
3300674
3300699
3301317
3306031
3308551
3309753
3310367
3310947
3311024
3311442
3311888
3313228
3315168
3315170
3315286
3316626
3317133
3317134
3317136
3317336
3318293
3319266
3319332
3320190
3321867
3323382
3324029
3324880
3325667
3325845
3326253
3327796
3329361
3329576
3329951
3331447
3331492
3337354
3338322
3338324
3338325
3339543
3339546
3340565
3340716
3341784
3343069
3343156
3343944
3344124
3344236
3344293
3344902
3344949
3344951
3345274
3345276
3346080
3346128
3346352
3346354
3346356
3346363
3346371
3346373
3346376
3346378
3346902
3346934
3347203
3347452
3347453
3347454
3347904
3347906
3347907
3348201
3348261
3349251
3349463
3349760
3349926
3350615
3350820
3351638
3352152
3353342
3355365
3355456
3355787
3357474
3358050
3359142
3360730
3361638
3362412
3363662
3364790
3365980
3366917
3368350
3370755
3370762
3370918
3371101
3372553
3372638
3372748
3373121
3373122
3375010
3375014
3375017
3375018
3375241
3376557
3376618
3376620
3376621
3377213
3377228
3381568
3384890
3384971
3384972
3384973
3384981
3384982
3385493
3388475
3389771
3391132
3391730
3392655
3395188
3395240
3395405
3395865
3395867
3395868
3398015
3398973
3398990
3398999
3399002
3399003
3399005
3399006
3399008
3399012
3399033
3399034
3399035
3399036
3399046
3399047
3399049
3399063
3399064
3399065
3399070
3399073
3399138
3400840
3407984
3410526
3410648
3411275
3412660
3412663
3413028
3414519
3416436
3417981
3418586
3418680
3418953
3418959
3418961
3418964
3424301
3424304
3424306
3424307
3424309
3424310
3424311
3424316
3424318
3424320
3424322
3424325
3424327
3424328
3425156
3425165
3425170
3425172
3425173
3425177
3425184
3425190
3425200
3425202
3425205
3425206
3425208
3425211
3425212
3425214
3425217
3425222
3425225
3425229
3425233
3425238
3425239
3425294
3425295
3426205
3426207
3426211
3426212
3426213
3426214
3426215
3426471
3426944
3427291
3427293
3427295
3427298
3427300
3427303
3427306
3427308
3427312
3427315
3427317
3427318
3427320
3427322
3427325
3427327
3427330
3427338
3427341
3427342
3427343
3427347
3427616
3427956
3428260
3428262
3428264
3428265
3428267
3428268
3428269
3428272
3428274
3428275
3428276
3428278
3428280
3428282
3428284
3428289
3428291
3428293
3428295
3428298
3428304
3428307
3429744
3430080
3430084
3430087
3430097
3430098
3430099
3431336
3432147
3432199
3432749
3432776
3433493
3434214
3435902
3436886
3437040
3437041
3437042
3437060
3437062
3437067
3437071
3437251
3437255
3437257
3437259
3437260
3437262
3437264
3437270
3437275
3437277
3438222
3438984
3439270
3439276
3442020
3442184
3443253
3445156
3445191
3445805
3446234
3446238
3446239
3446242
3446244
3446245
3446251
3446254
3446262
3446267
3446270
3446276
3446279
3446284
3446286
3446292
3446293
3446295
3447061
3448792
3448794
3448798
3448800
3448801
3448805
3448806
3448810
3448816
3448817
3448819
3448836
3448845
3448846
3448849
3448856
3448861
3448864
3450372
3450450
3450458
3450459
3450460
3450463
3450470
3450471
3450474
3450479
3451607
3452254
3452389
3452427
3453450
3453539
3453541
3453542
3454619
3455565
3455568
3455576
3456306
3457942
3458130
3458131
3458136
3458142
3458146
3458148
3458162
3458167
3458228
3458608
3458722
3459106
3459638
3459759
3459791
3459795
3460720
3461019
3463935
3465253
3465915
3466152
3466774
3467116
3467117
3467118
3467119
3467123
3467127
3467131
3467132
3467134
3467489
3470568
3472618
3473161
3474972
3475950
3476039
3477077
3477717
3479527
3481419
3481889
3482291
3482958
3484047
3484183
3485300
3487998
3488466
3488613
3489461
3489468
3489482
3489538
3490166
3490552
3490553
3490554
3490555
3490568
3490569
3490570
3490571
3491319
3491465
3492233
3492441
3493395
3493895
3494681
3495080
3495935
3498108
3498228
3499146
3500831
3501849
3502956
3503026
3504423
3504425
3505785
3505860
3507963
3508085
3508965
3510165
3511491
3511854
3513147
3513739
3514162
3516090
3516318
3516322
3517344
3517822
3517999
3518006
3520116
3520748
3520753
3520939
3524866
3527212
3527490
3533053
3534221
3536441
3536470
3536797
3536800
3537085
3538094
3538416
3540068
3541755
3542435
3542858
3543042
3543169
3543502
3543503
3543820
3544882
3547304
3548616
3548835
3549631
3549997
3551617
3551765
3554449
3555449
3555481
3556360
3556952
3557736
3557737
3557738
3557739
3557740
3557741
3558067
3561351
3562520
3567753
3570502
3576233
3576673
3576674
3576675
3576676
3576677
3576681
3576682
3577951
3579116
3582530
3582533
3584196
3585170
3585904
3585907
3585921
3585924
3587250
3587254
3587261
3589207
3589408
3591086
3591986
3592139
3592938
3593793
3594219
3595382
3598359
3600800
3603790
3604294
3604875
3604879
3605261
3606416
3606594
3607626
3608895
3609653
3610691
3610931
3611702
3613887
3614260
3614348
3615235
3617911
3618665
3620226
3620421
3620931
3621407
3621502
3621509
3621511
3621614
3622389
3623250
3624262
3624814
3624931
3625612
3626043
3626879
3627462
3627949
3629126
3631071
3631537
3632087
3633593
3633594
3633595
3633596
3633597
3636387
3637607
3637608
3637609
3637612
3638053
3638116
3638118
3640709
3641683
3642937
3643228
3643605
3643614
3643666
3646166
3649460
3650118
3650264
3651186
3651653
3652186
3655051
3657184
3661174
3661189
3661205
3663162
3664322
3664652
3665015
3665237
3670087
3670872
3675197
3675203
3676991
3679029
3680143
3681648
3682367
3682860
3683025
3683026
3684864
3685774
3686670
3688484
3689991
3689993
3689996
3690007
3693567
3693577
3694123
3695431
3696067
3697424
3698026
3698052
3699741
3700286
3702381
3702585
3702808
3703997
3704144
3705438
3706066
3706067
3706069
3706072
3706464
3707267
3708298
3708383
3708385
3713440
3714208
3714281
3715696
3715717
3715765
3716659
3716660
3716661
3716662
3717624
3717845
3717846
3718406
3719291
3719756
3719762
3720064
3720198
3720201
3720526
3720685
3720775
3720782
3720784
3720785
3721278
3721340
3722236
3723174
3723189
3723576
3726075
3726248
3726318
3729724
3730204
3730229
3730230
3730231
3730232
3730676
3731428
3731429
3731461
3732416
3732423
3733538
3734336
