1680
24936
32535
33207
63556
72219
73880
81986
84783
88481
89148
106629
132103
152009
153770
154273
154673
154709
157612
157625
157626
165489
165920
165930
167817
167819
167821
167825
168466
168467
168468
169204
169205
172191
226903
256510
291106
292253
292682
302152
302154
326605
342674
365542
365882
403572
419747
419769
499729
591386
619647
620660
641770
643324
643328
652743
679557
718141
728189
728190
728192
728193
728195
728196
728197
728198
728199
728200
738736
743844
747987
748002
755395
758991
761925
777316
786846
787159
787268
787690
787707
787841
807769
808570
814447
819412
819413
819448
822053
822057
822096
822953
826017
826019
828844
833919
848565
848607
848618
851995
856934
856937
856939
856941
861142
861313
866889
867202
870571
874462
874832
874872
874875
874878
874881
874882
874883
874884
875205
877729
877775
877981
878447
878452
878619
880936
881733
882237
883638
883645
883646
883647
887521
887537
888169
892952
893837
895265
896506
897890
900388
902674
904545
904546
908188
909836
912077
912507
912669
916502
917448
918537
922310
923230
923232
923263
924738
931187
932681
941145
946931
946934
946939
947841
948102
948418
948420
948429
951349
951350
951920
960250
961699
961879
962402
962410
962491
962507
962612
963682
964147
964179
964201
964205
964219
964241
964401
964789
964805
964810
964818
964859
964946
966279
966557
968042
969511
969516
969520
969523
969524
969525
969526
970256
975134
979006
979009
979454
980086
983374
984124
984276
992277
992612
993282
993783
993851
994333
995749
996271
997440
998306
998327
998936
999227
999234
999235
999239
999241
999245
999247
999250
999251
999255
999258
999268
999270
999275
999278
999282
999283
999287
999288
999294
999295
1000688
1002928
1003078
1004700
1004705
1004712
1004724
1005675
1005996
1006009
1006085
1006093
1006098
1006306
1006337
1006792
1006802
1011069
1011112
1012552
1012556
1015463
1015939
1020356
1021293
1022023
1023702
1023722
1024496
1024870
1024878
1025391
1029001
1030084
1030086
1042488
1043321
1051033
1064045
1064640
1070327
1073680
1074305
1074310
1074313
1074318
1074328
1074515
1074569
1074574
1076484
1077299
1078849
1082264
1082483
1082631
1084848
1084864
1088307
1088313
1088314
1088316
1091591
1093725
1097321
1103589
1103593
1110406
1110407
1110427
1110430
1110431
1111267
1113877
1114586
1118609
1119602
1131371
1142642
1142744
1169516
1170642
1178458
1178461
1179891
1186018
1186299
1187014
1187815
1187851
1188380
1188956
1196456
1206485
1223640
1224002
1231963
1232537
1235073
1237443
1250203
1255960
1255965
1255968
1255969
1258927
1258972
1261325
1261650
1275829
1277484
1277922
1277979
1280529
1282638
1282670
1287256
1289561
1289571
1291542
1292624
1292655
1292822
1292823
1292890
1299080
1299081
1299292
1299848
1299875
1299904
1302531
1307055
1307078
1307489
1308244
1308301
1308320
1310065
1313273
1318946
1318959
1319028
1321762
1322756
1325563
1327045
1327215
1327216
1327218
1327249
1330296
1345955
1345979
1345984
1346000
1346012
1346452
1349785
1353287
1358886
1361983
1367272
1373652
1375792
1375861
1375889
1375904
1376456
1380458
1386401
1390665
1390668
1390689
1397961
1397978
1397983
1397995
1399168
1399183
1402430
1402439
1402445
1402454
1402457
1404139
1404141
1404144
1404146
1404148
1404151
1404162
1404164
1404167
1410656
1410675
1410681
1410685
1410688
1410698
1418650
1418669
1419226
1419257
1422056
1423644
1424168
1427732
1428232
1428258
1431384
1434691
1434854
1435211
1436297
1439988
1439999
1443444
1443461
1458235
1458397
1461300
1472456
1472468
1472490
1472501
1472637
1472913
1472932
1472944
1472958
1472974
1472985
1473233
1473829
1473841
1473861
1473879
1473892
1475255
1475275
1475287
1475296
1475306
1475311
1475325
1475337
1475348
1475358
1478864
1479021
1479024
1479025
1482420
1488337
1488575
1489089
1489090
1489091
1489092
1489093
1489094
1489095
1489096
1489097
1489807
1490393
1497291
1497299
1510099
1510113
1510116
1510128
1510140
1510177
1510219
1513850
1513877
1517793
1518106
1519150
1520362
1521037
1522325
1523181
1527138
1534690
1534950
1534977
1535264
1542439
1542440
1543347
1546690
1546692
1546694
1546696
1549522
1551507
1557074
1557237
1559370
1559417
1559801
1561173
1561185
1561789
1562932
1564819
1564825
1564833
1565117
1565127
1565269
1565288
1565319
1569722
1570938
1570939
1570999
1574290
1574291
1574300
1578218
1578814
1578815
1578841
1578842
1578843
1585456
1585582
1591370
1591389
1596762
1598640
1607876
1608997
1609000
1609646
1609911
1620011
1620036
1621524
1621526
1626772
1627666
1631724
1645271
1650776
1656326
1669442
1669914
1669925
1669950
1669952
1671372
1672464
1672467
1672468
1672479
1672481
1672482
1672486
1672487
1673386
1676368
1676369
1676377
1676379
1676381
1676384
1676397
1676399
1676401
1676473
1677368
1680525
1681375
1682053
1683248
1686515
1688154
1689377
1697061
1702641
1704790
1706789
1708732
1712230
1712273
1712274
1717708
1717870
1720045
1721664
1722337
1722355
1724746
1724761
1734012
1735964
1739802
1740188
1741020
1744863
1745068
1748636
1755224
1755502
1756734
1756741
1757983
1757994
1757996
1758141
1761904
1761917
1763704
1769329
1770771
1771248
1771278
1773596
1774413
1775324
1775361
1775411
1775418
1775569
1775573
1775574
1775575
1776176
1776255
1776451
1777196
1777209
1778287
1778900
1778901
1782918
1784639
1784685
1784686
1784694
1784725
1784799
1784819
1784931
1784932
1784936
1785789
1787170
1787782
1788738
1788757
1788758
1788759
1788765
1788815
1789110
1789113
1790686
1790840
1794421
1795331
1795608
1795623
1795829
1795938
1795942
1796442
1797106
1797112
1797379
1797624
1800208
1800765
1801281
1801309
1804440
1806058
1806377
1807479
1818263
1818421
1824120
1824436
1824480
1830015
1830030
1832572
1834911
1836298
1843344
1850358
1861188
1862614
1863600
1863636
1863687
1863688
1863689
1867512
1867526
1867527
1867854
1867857
1870203
1870385
1870455
1870539
1870878
1875575
1875576
1879113
1879210
1881310
1893663
1897670
1900377
1900390
1901611
1906964
1909293
1910725
1910729
1910738
1913584
1913619
1913621
1913626
1913628
1914831
1922413
1925882
1926843
1929084
1931312
1932037
1932052
1933128
1935947
1937040
1937143
1937160
1937161
1937162
1937975
1944884
1945323
1948959
1956727
1962681
1971393
1971424
1971454
1972249
1972254
1972257
1972276
1972280
1972321
1972331
1977614
1978223
1981370
1985036
1988668
1988696
1993328
1996124
2003514
2003520
2003528
2003545
2004424
2010062
2012379
2017510
2017517
2017522
2017529
2017820
2018160
2018166
2018169
2018188
2018190
2018192
2018198
2018204
2018207
2018211
2018213
2018216
2018219
2018223
2020000
2021618
2023086
2028619
2033690
2041200
2049957
2062471
2063107
2065806
2066004
2071223
2072159
2074446
2079147
2087554
2087557
2087562
2087568
2087585
2087597
2087614
2087620
2087624
2087650
2087651
2095503
2095510
2095523
2095543
2101378
2101433
2101949
2102170
2102171
2108705
2116078
2132438
2137465
2137487
2148252
2148267
2148444
2148445
2148449
2148726
2154582
2154583
2161909
2165032
2165049
2165052
2165707
2178637
2178889
2181367
2193677
2198289
2200346
2201215
2203964
2205301
2205374
2209262
2209368
2212492
2212493
2212517
2212544
2215319
2223436
2223437
2223438
2223442
2223445
2223449
2223453
2223456
2223459
2223461
2223971
2240008
2240031
2240050
2241518
2244490
2247847
2251151
2251179
2251708
2251749
2251876
2252363
2253305
2253307
2254729
2254736
2254754
2254763
2254985
2255047
2255074
2255080
2255093
2255163
2255166
2255394
2255403
2255407
2255412
2255418
2255426
2255435
2257896
2257933
2273623
2273693
2276660
2276662
2276824
2282590
2282591
2282618
2282660
2291298
2291303
2291367
2291385
2315480
2326516
2326926
2334609
2335412
2335934
2352629
2358580
2362574
2362785
2366840
2400616
2400833
2400859
2402845
2404593
2405472
2408795
2414997
2415000
2416898
2416904
2417952
2422611
2439333
2444446
2446041
2446062
2447560
2448823
2452571
2476534
2479174
2481525
2481528
2494689
2495720
2495724
2495773
2495861
2498270
2498279
2500051
2500054
2502355
2504255
2504346
2505168
2505177
2505202
2506547
2507715
2507773
2508075
2508090
2509720
2511370
2511373
2512049
2517327
2517483
2526604
2530779
2531887
2531889
2534630
2538211
2542198
2546230
2549032
2559558
2559565
2559566
2559571
2559575
2559576
2559605
2559609
2559612
2559617
2559727
2559728
2559735
2559736
2560706
2560713
2560760
2561517
2562094
2562113
2576246
2576248
2584374
2584412
2584417
2589812
2589829
2593683
2601407
2602927
2606467
2615434
2617605
2619705
2619713
2619717
2621918
2623522
2625338
2626855
2626894
2629240
2645818
2649301
2657223
2663475
2664635
2670660
2678899
2679119
2680446
2680450
2684219
2684253
2690521
2696428
2698376
2702712
2704423
2704457
2707745
2707747
2715087
2715089
2715134
2717446
2718538
2718555
2723962
2726650
2727311
2730467
2733358
2733407
2740733
2741762
2750379
2751366
2751439
2752462
2752469
2753874
2777269
2777270
2777271
2778248
2778535
2778538
2778541
2778544
2778549
2786766
2786769
2788076
2788947
2788971
2788978
2791204
2794145
2795506
2799128
2803439
2803838
2804502
2805896
2809396
2811740
2811780
2811781
2812255
2812256
2814039
2815494
2815495
2816496
2817943
2817945
2822956
2828860
2829607
2830761
2830808
2830813
2831939
2831958
2832099
2832100
2832684
2832687
2833800
2835775
2835996
2836316
2836318
2836320
2836340
2836342
2836866
2837314
2841353
2842234
2844209
2844318
2844573
2847527
2848452
2848455
2852630
2853841
2854826
2856979
2857229
2857230
2861081
2863110
2863227
2864026
2865024
2865063
2867680
2871305
2875862
2878189
2881248
2882360
2882373
2883953
2884905
2885123
2887495
2887508
2890079
2890082
2890117
2890119
2893602
2895531
2895534
2896653
2898800
2903856
2908436
2909674
2909677
2909678
2910873
2912734
2916057
2919195
2921455
2922910
2925808
2926628
2928205
2928593
2929771
2934220
2936385
2937468
2938469
2938945
2938947
2938949
2938955
2941282
2944490
2944491
2946319
2947414
2948268
2948319
2948329
2948330
2948331
2953310
2953340
2959552
2962838
2970342
2972461
2973706
2975524
2977588
2977605
2977631
2978611
2979626
2979676
2983790
2988750
2989669
2991448
2991468
2992366
2993209
2993210
2993702
2994744
2994841
2995745
2996638
2997819
2998417
3000448
3000809
3004192
3004193
3004195
3004196
3004197
3008027
3009276
3009277
3010972
3010974
3011327
3012415
3012993
3013215
3013906
3016021
3016098
3016968
3020804
3021709
3021721
3021735
3022727
3024108
3025314
3027232
3028634
3030202
3030880
3036694
3037697
3037716
3037717
3039829
3039838
3039839
3041991
3043296
3044529
3044530
3044538
3044544
3044552
3044554
3044555
3046474
3046500
3046501
3047793
3048408
3048697
3048753
3048840
3050844
3051049
3051162
3051191
3054037
3054075
3057652
3058951
3058952
3059936
3062085
3062140
3062149
3063249
3063274
3068366
3068367
3068386
3068387
3070922
3070929
3072251
3072272
3073877
3075046
3075047
3078399
3078404
3080028
3083090
3083091
3084282
3085526
3090861
3094407
3095212
3099013
3099019
3099126
3099286
3101750
3105476
3106862
3106863
3109958
3111406
3111407
3112194
3113663
3113666
3114700
3114701
3116839
3118042
3118043
3118044
3118084
3118085
3121706
3121721
3121722
3125249
3125251
3126290
3126291
3127290
3128029
3129404
3132045
3133343
3134459
3135415
3135418
3135419
3140153
3141579
3142225
3145602
3145671
3145675
3145680
3145695
3145696
3148048
3148439
3148478
3149622
3149644
3150609
3152395
3152463
3152466
3152821
3153104
3156647
3159535
3160255
3161146
3162794
3162807
3165572
3169875
3170807
3170830
3172426
3176362
3178346
3180624
3182173
3185780
3185781
3189705
3194242
3194244
3194264
3194266
3194267
3196676
3200188
3200965
3200967
3201288
3205422
3207035
3207064
3208324
3208325
3217324
3217347
3217348
3219002
3220149
3222097
3222177
3224174
3224271
3224992
3224994
3229291
3229314
3229318
3231779
3235349
3236252
3239499
3240399
3242009
3242033
3242034
3248668
3248672
3250805
3250812
3251616
3251631
3251632
3253196
3253207
3255646
3259365
3264068
3264069
3264116
3265599
3270489
3273061
3276586
3276588
3277709
3279757
3281785
3283554
3285058
3292876
3294012
3296768
3296792
3296793
3298699
3299436
3301128
3305309
3307247
3307306
3309325
3309326
3310763
3310764
3310765
3313095
3313096
3313139
3313144
3313145
3319679
3339358
3339359
3339384
3339385
3342069
3342070
3344606
3345731
3345733
3348084
3352997
3353015
3355257
3360154
3369263
3371571
3371594
3377155
3378540
3379726
3379760
3387425
3391332
3391350
3394202
3394204
3394205
3396038
3400402
3400809
3402856
3404510
3404784
3407242
3410835
3410846
3414267
3415470
3418303
3418304
3418305
3421166
3423206
3425010
3428934
3428935
3430474
3430475
3430546
3430547
3430551
3433715
3433730
3437356
3440760
3441424
3441458
3449579
3450039
3458217
3458233
3458279
3460358
3460361
3464528
3466396
3467267
3470212
3471933
3471934
3473874
3476762
3478608
3478611
3483649
3484105
3484107
3484537
3486251
3486264
3486265
3486266
3489182
3489637
3490950
3491107
3500661
3500662
3500673
3500691
3500692
3502344
3503290
3503320
3503325
3506652
3509259
3509260
3509261
3509262
3510895
3513356
3514760
3514763
3514764
3519722
3520641
3520675
3520863
3521304
3522192
3524471
3527786
3530124
3530681
3530715
3533955
3536767
3542563
3547425
3547483
3551326
3551374
3561485
3564076
3564078
3564079
3566749
3566750
3573604
3582243
3582246
3582265
3582266
3582270
3582791
3582794
3588596
3589730
3592975
3599189
3603396
3603413
3603418
3603419
3603420
3607666
3607667
3607686
3607719
3607720
3607722
3609459
3610039
3611855
3612277
3612982
3620097
3620444
3620695
3620696
3620727
3622155
3626940
3633632
3633663
3637666
3637698
3640480
3640617
3645558
3645561
3645867
3648198
3648199
3648201
3651958
3652061
3652063
3654737
3654792
3654820
3654821
3654822
3654823
3657875
3657886
3657896
3660182
3663366
3665945
3665962
3665963
3669647
3674720
3688331
3695191
3696682
3696683
3703497
3714291
3714312
3714314
3717568
3721326
3723540
3730773
3730991
3737121
3741318
3741320
3744846
3746512
3746514
3746622
3752403
3755801
3778299
3778313
3782552
3801030
3801031
3801054
3807782
3812391
3812392
3812449
3817171
3819226
3830449
3830451
3831207
3831208
3835068
3839061
3839062
3847512
3850024
3854252
3858612
3858627
3858667
3861507
3870897
3873600
3877218
3877220
3877221
3877715
3877718
3877723
3889720
3889721
3892892
3892893
3898523
3898524
3899963
3904579
3905786
3908012
3909854
3919094
3919113
3919723
3919930
3922301
3923586
3924724
3926217
3926229
3929036
3934462
3934803
3934804
3935039
3935040
3939447
3944491
3950792
3950793
3952685
3953505
3953515
3955974
3960491
3961557
3961856
3961870
3961871
3971807
3984604
3984616
3989050
4002157
4002186
4014338
4029767
4029776
4042863
4043453
4055801
4069359
4070729
4072663
4093429
4093454
4093455
4094172
4101775
4104970
4111974
4112640
4118684
4118704
4136814
4136815
4153229
4153232
4167555
4167560
4178276
4182036
4203018
4216337
4225599
4234769
4234832
4245777
4255364
4270921
